1356338143	70
1707000683	93
1397088383	1
1136497533	95
1244737403	33
1356338143	82
1865687913	64
1573048453	95
1146295873	90
1411061393	61
2072964433	28
1201524673	65
1397088383	16
1691099793	15
1440579753	50
1440579753	1
2114898533	70
1510638973	51
1504705193	8
1691099793	86
1089130723	42
1136497533	52
1573048453	64
1223764963	41
1901398073	6
1440579753	64
1704887953	62
2102652463	56
1084868513	55
1347636663	98
1910781593	80
1244737403	4
1414897623	42
1411061393	67
1901398073	96
2114898533	89
1243150633	91
1129643223	91
1504705193	7
1365000463	75
1367743043	42
2116033673	26
1255800513	54
1414897623	80
2098262303	95
1018076173	89
1459574583	70
1348352843	30
2072964433	68
1502513623	78
2011815813	40
1146295873	71
1863808473	93
1244737403	25
2102652463	36
1286885903	36
1691099793	67
1414897623	15
1385091743	34
2098262303	35
2114898533	92
1136497533	68
1327073613	29
1327073613	94
1863808473	16
1183914923	7
1365000463	99
1255800513	52
2072964433	26
1018076173	51
1707000683	68
1704887953	21
1084868513	16
1707000683	19
1243150633	34
1958441593	33
1356338143	15
2046050473	25
1246997243	77
1502513623	78
1691099793	3
1451790913	44
2072964433	14
2116033673	90
1211926573	18
1679431803	84
1414897623	30
1571924033	60
1246997243	68
2102652463	31
1211926573	22
1691099793	82
1327073613	92
1679431803	3
1411061393	48
1440579753	99
1183914923	89
1502513623	47
1086615033	56
2046050473	84
1025056563	0
1451790913	25
1136497533	81
1571924033	26
1365000463	71
2102652463	98
2011815813	42
1814353123	85
1086615033	61
1294174643	48
1211926573	93
1084868513	60
1211926573	96
1397088383	1
1018076173	37
1367743043	42
1327073613	94
1901398073	51
1707000683	96
1451790913	55
1510638973	16
1129643223	29
1958441593	99
1201524673	58
1573048453	14
1018076173	3
1327073613	44
1183914923	94
2116033673	99
1691099793	73
1018076173	73
1484641893	53
1504705193	6
2102652463	31
1286885903	58
1243150633	32
1442280253	94
1086615033	40
1018731093	96
1385091743	7
1018076173	66
1365000463	29
1504705193	45
1707000683	7
1484641893	39
1910781593	24
1211926573	33
1129643223	27
1146295873	58
1863808473	12
1440579753	45
1243150633	7
1502513623	0
1183914923	2
1084868513	93
1211926573	7
2098262303	17
2102652463	21
1363553093	41
1510638973	2
1451790913	8
1679431803	0
1901398073	51
1459574583	60
1223764963	62
1865687913	85
1244737403	42
1216052543	39
1255800513	58
1510638973	85
1347636663	64
1243150633	32
1183914923	37
2102652463	12
1183914923	94
1865326733	87
2116033673	69
1018731093	44
1294174643	70
2046050473	20
2011815813	53
1484641893	53
2102652463	9
1367743043	50
1246997243	8
1018076173	22
1679431803	52
1018076173	62
1571924033	16
1347636663	24
1681145353	1
1286885903	57
1258216203	50
1286885903	36
1327073613	39
1201524673	92
1244737403	21
1679431803	96
1327073613	17
1348352843	3
1910781593	92
1692849243	94
2046050473	18
1814353123	73
1282297453	30
1183914923	91
2102652463	96
1084868513	71
1814353123	43
1814353123	26
1414897623	53
1692849243	35
1183914923	54
1246997243	72
1136497533	76
1692849243	8
1688602493	35
1223764963	30
1910781593	31
2011815813	47
2011815813	99
1356338143	68
1750040213	26
2046050473	76
1504705193	98
1294174643	8
1136497533	20
1243150633	93
1442280253	12
1086615033	32
1183914923	48
1244737403	15
1411061393	82
1691099793	40
1707000683	1
1294174643	79
1018076173	38
1901398073	4
1814353123	17
1086615033	68
1255800513	67
2102652463	84
1459574583	20
1327073613	70
1484641893	84
1201524673	2
1865326733	98
1679431803	75
1356338143	49
1411061393	51
1086615033	48
1440579753	27
1414897623	6
1707000683	43
1084868513	40
1294174643	36
1363553093	9
1282297453	31
1504705193	75
1095128373	6
1089130723	76
1258216203	23
1910781593	32
1211926573	38
1958441593	97
1129643223	52
1571924033	36
1440579753	21
1502513623	63
1863808473	65
1348352843	14
1286885903	14
1502513623	89
1397088383	25
1385091743	72
1356338143	14
1201524673	31
1255800513	98
1244737403	2
1347636663	58
1692849243	15
1348352843	79
1901398073	70
1018731093	50
1086615033	65
1223764963	13
2114898533	34
1901398073	56
1223764963	22
1183914923	81
1086615033	38
1510638973	39
2102652463	10
2114898533	47
1089130723	41
1294174643	1
1294174643	28
1459574583	29
1084868513	29
1571924033	59
1201524673	30
1681145353	34
1411061393	35
2072964433	48
2116033673	9
1018076173	67
1440579753	91
1510638973	66
2011815813	81
1692849243	8
1183914923	50
1129643223	87
1484641893	9
1025056563	58
1211926573	50
1707000683	97
1201524673	87
1018731093	82
1216052543	45
1211926573	87
1865687913	59
1223764963	68
1095128373	44
1681145353	4
1504705193	73
1223764963	76
1246495863	57
1411061393	13
1510638973	99
1688602493	96
1363553093	18
1216052543	89
1451790913	0
1863808473	62
1679431803	14
1018731093	12
1692849243	67
1397088383	16
1294174643	21
1440579753	6
1258216203	96
1246495863	2
1814353123	18
2011815813	96
1958441593	21
1246495863	1
1865687913	63
1365000463	92
1246997243	13
2114898533	7
1018076173	90
1411061393	33
1095128373	35
2011815813	31
1409153383	66
1223764963	47
1367743043	62
1347636663	83
1688602493	58
1688602493	65
1244737403	98
1018731093	87
1356338143	19
1814353123	15
1958441593	76
1451790913	42
1129643223	70
1223764963	6
1484641893	1
1243150633	38
1385091743	86
1211926573	76
1183914923	22
1814353123	18
1018731093	57
1411061393	14
2098262303	13
1367743043	74
1440579753	72
1327073613	26
1459574583	45
1086615033	88
1216052543	58
1442280253	23
1707000683	44
1691099793	77
1243150633	70
1255800513	91
1018731093	38
1243150633	61
1865687913	99
1691099793	35
1286885903	64
1502513623	33
1356338143	48
2114898533	36
1243150633	4
1243150633	86
1397088383	33
1086615033	26
1958441593	61
1692849243	82
1385091743	18
1327073613	85
1348352843	20
1367743043	5
1958441593	75
1571924033	44
1704887953	81
1750040213	45
1440579753	35
1018076173	75
1484641893	90
1901398073	86
1573048453	22
2116033673	74
1363553093	84
2114898533	90
1286885903	36
1286885903	60
1573048453	49
1414897623	50
1018731093	51
1201524673	69
1223764963	61
1409153383	60
1688602493	93
2116033673	64
1814353123	16
1484641893	39
2098262303	85
1211926573	77
1910781593	28
1129643223	97
1244737403	79
1216052543	93
1223764963	48
1216052543	41
1958441593	14
1294174643	52
2102652463	83
1865326733	6
1865326733	76
1688602493	96
1347636663	78
1183914923	52
1504705193	23
1347636663	47
1704887953	88
1223764963	43
1243150633	30
1691099793	88
1573048453	32
1183914923	77
1286885903	4
1901398073	4
1484641893	21
1356338143	6
1863808473	64
1129643223	29
1958441593	46
1347636663	81
1327073613	97
1025056563	42
1414897623	41
1095128373	91
1692849243	33
1282297453	13
1814353123	77
1129643223	14
2116033673	9
1814353123	81
1385091743	6
1356338143	31
1086615033	89
1347636663	8
1183914923	26
1510638973	98
2102652463	92
1146295873	92
1216052543	38
1018731093	54
1025056563	37
1025056563	10
1356338143	28
1385091743	42
1692849243	14
1901398073	21
1484641893	31
2072964433	57
1573048453	31
1442280253	64
1244737403	48
1750040213	51
1901398073	21
2072964433	73
1440579753	17
1510638973	75
1451790913	97
1084868513	6
1865326733	28
1183914923	53
1216052543	91
1459574583	76
1089130723	60
1692849243	39
1691099793	67
1573048453	12
1750040213	1
1136497533	52
2102652463	14
1282297453	25
1146295873	32
1692849243	42
1910781593	88
1025056563	94
1255800513	33
1129643223	70
1216052543	30
1484641893	15
1356338143	73
1440579753	2
1246997243	20
1679431803	63
1385091743	78
1136497533	20
1688602493	28
1025056563	91
1282297453	99
1704887953	67
1865687913	0
1089130723	82
1367743043	14
1863808473	31
1750040213	84
1255800513	38
1707000683	54
1347636663	89
2098262303	97
1692849243	1
1504705193	82
1086615033	32
1707000683	90
1365000463	62
1183914923	22
2098262303	69
1451790913	96
1136497533	41
1910781593	50
1459574583	85
1018731093	80
1018731093	99
1814353123	79
1243150633	49
1679431803	92
1363553093	47
1440579753	52
1704887953	16
1095128373	39
2098262303	77
1363553093	55
1089130723	93
1201524673	41
1502513623	48
1414897623	71
1294174643	75
1704887953	83
1367743043	98
2011815813	66
1084868513	70
1244737403	0
1707000683	41
1363553093	71
1681145353	61
1258216203	23
1348352843	21
1414897623	5
1129643223	84
1365000463	76
2046050473	94
1707000683	45
1502513623	0
1136497533	77
1679431803	21
1246997243	24
1363553093	80
1258216203	68
1347636663	88
1679431803	95
1442280253	24
1484641893	61
1223764963	54
1459574583	2
1451790913	61
1451790913	34
1459574583	53
1750040213	50
1692849243	40
1129643223	58
1282297453	4
1691099793	80
1294174643	32
2114898533	99
1018076173	60
1025056563	76
1440579753	69
1688602493	85
1901398073	29
1901398073	1
1018731093	82
1510638973	0
2116033673	24
1707000683	25
1691099793	56
1451790913	96
2098262303	47
1385091743	39
1282297453	18
1294174643	68
1183914923	11
1692849243	17
1146295873	36
1223764963	88
1901398073	95
1086615033	76
1901398073	94
1688602493	53
1707000683	86
1018731093	51
1282297453	11
1018076173	34
1018731093	28
2116033673	45
1679431803	19
2114898533	9
1246997243	42
1294174643	69
1258216203	53
1692849243	66
1244737403	48
1347636663	92
1901398073	63
1750040213	86
1451790913	18
1183914923	60
1910781593	42
1504705193	14
1216052543	50
2102652463	68
1129643223	61
1136497533	15
1414897623	61
1086615033	68
1223764963	8
1211926573	45
1688602493	39
1348352843	83
1018731093	65
1502513623	61
1484641893	43
1018731093	26
1243150633	14
1356338143	88
1451790913	1
1691099793	68
1018731093	2
1385091743	3
1865326733	20
1414897623	67
1146295873	26
1025056563	60
1018076173	27
1146295873	38
1183914923	5
1865687913	87
1958441593	54
1201524673	86
1707000683	49
1365000463	49
1246495863	78
1688602493	59
1216052543	52
2114898533	3
1089130723	23
1484641893	16
1411061393	29
2011815813	95
1707000683	72
1707000683	91
1958441593	50
1409153383	12
2114898533	30
1183914923	77
1216052543	5
1704887953	99
1691099793	61
1502513623	19
1510638973	31
1086615033	88
1129643223	8
1347636663	57
1958441593	54
2116033673	5
1347636663	58
1414897623	96
1129643223	36
1089130723	25
1440579753	38
1397088383	6
1440579753	57
1201524673	35
1086615033	31
1679431803	30
2116033673	5
1691099793	2
2046050473	42
1136497533	42
1863808473	17
1136497533	64
1223764963	65
1688602493	51
1484641893	40
1414897623	65
1484641893	97
1692849243	97
1347636663	49
1510638973	28
1451790913	74
2102652463	64
1018731093	74
1910781593	70
1183914923	12
1865687913	39
1459574583	0
1089130723	49
2114898533	93
1086615033	1
1246997243	76
1411061393	10
1750040213	88
1442280253	11
1442280253	85
1573048453	94
1086615033	27
2046050473	17
1414897623	43
1255800513	65
1414897623	60
1409153383	18
2098262303	12
1018076173	88
2102652463	85
1018076173	22
2116033673	4
1136497533	65
2102652463	17
1510638973	65
1282297453	56
1018731093	23
1363553093	70
1243150633	5
1504705193	29
1451790913	75
1679431803	20
1086615033	99
1510638973	39
1327073613	17
1750040213	72
1865326733	85
1411061393	31
1414897623	17
1367743043	76
1385091743	95
1348352843	73
1211926573	19
2098262303	30
1440579753	6
1484641893	8
1510638973	44
1440579753	95
1095128373	0
1504705193	36
1688602493	10
1223764963	15
1573048453	52
2102652463	74
1459574583	56
1183914923	72
1707000683	21
1704887953	23
1246495863	67
1201524673	38
1504705193	88
1571924033	11
1258216203	47
1136497533	91
1084868513	66
1282297453	33
1958441593	85
1365000463	25
1365000463	25
1681145353	81
1704887953	55
1086615033	67
1484641893	70
1692849243	51
1573048453	30
1750040213	13
1201524673	4
1327073613	44
1958441593	83
2098262303	97
1146295873	7
1201524673	5
1183914923	78
1459574583	22
1397088383	38
1691099793	62
1365000463	29
1018731093	64
2098262303	53
1704887953	43
1688602493	13
1688602493	1
1356338143	58
1327073613	14
1440579753	98
1573048453	28
1365000463	25
1356338143	70
1484641893	46
2098262303	14
1025056563	34
1691099793	79
1086615033	9
1258216203	3
1865687913	16
2098262303	72
1095128373	77
1183914923	72
1865326733	49
1459574583	52
1018731093	5
1223764963	11
1095128373	67
1348352843	87
1459574583	46
2098262303	24
1692849243	9
1688602493	94
1084868513	82
1510638973	17
1484641893	42
1484641893	83
1865687913	89
1327073613	25
1440579753	97
2046050473	12
2116033673	16
1414897623	48
1223764963	91
1363553093	44
1258216203	71
1282297453	7
1510638973	45
1244737403	26
1146295873	96
1510638973	38
1865326733	10
1411061393	13
1958441593	64
1223764963	92
1327073613	98
1411061393	79
1183914923	88
1573048453	77
1484641893	15
1086615033	59
1440579753	14
1865326733	43
1216052543	87
1243150633	28
1243150633	51
1246997243	24
1282297453	21
1411061393	87
2114898533	85
1223764963	34
1442280253	65
1958441593	65
1084868513	57
2114898533	8
1183914923	52
1084868513	31
1018076173	15
2102652463	48
1865687913	74
1025056563	65
1510638973	68
2102652463	18
1246997243	64
1243150633	1
1216052543	17
1704887953	39
1692849243	80
1084868513	98
1901398073	26
2011815813	64
1201524673	76
1442280253	7
2116033673	30
1146295873	57
1089130723	53
1691099793	27
1258216203	12
1573048453	76
2011815813	28
1183914923	88
1692849243	83
1255800513	86
1216052543	70
1356338143	19
1136497533	5
1246495863	19
1681145353	62
1681145353	56
2116033673	79
1865326733	57
1348352843	68
1095128373	52
1018731093	47
1865687913	65
1211926573	17
1356338143	98
1704887953	46
1255800513	47
1223764963	0
1086615033	30
1246997243	12
1411061393	62
1707000683	98
2114898533	73
2072964433	41
1442280253	9
1282297453	27
1901398073	90
1573048453	82
1510638973	26
1095128373	28
1294174643	68
1246997243	10
2072964433	27
1814353123	17
1367743043	36
1216052543	76
1084868513	67
1679431803	71
1510638973	95
1397088383	77
1573048453	36
1246997243	71
2098262303	15
1244737403	4
1385091743	95
1459574583	71
1385091743	0
1681145353	7
1385091743	85
1704887953	30
1750040213	5
1865687913	44
1294174643	56
1750040213	39
1863808473	7
1129643223	87
1129643223	16
1814353123	81
1183914923	8
1573048453	76
1571924033	84
2114898533	56
1018731093	6
1086615033	2
1258216203	95
1129643223	59
1286885903	99
1258216203	81
1910781593	40
1183914923	22
1367743043	94
1255800513	22
1246997243	89
1347636663	86
1414897623	93
1692849243	78
1691099793	41
1018076173	64
1363553093	0
1451790913	78
1865687913	25
1459574583	28
1255800513	82
1704887953	61
1688602493	83
1681145353	25
1409153383	1
1095128373	76
1255800513	14
1255800513	62
1363553093	41
1183914923	73
1451790913	30
1385091743	29
1018731093	45
1414897623	35
1414897623	43
1146295873	55
1136497533	15
1910781593	42
2102652463	27
1286885903	90
1255800513	14
1258216203	36
1484641893	69
1018076173	79
1286885903	62
1089130723	12
1129643223	94
1510638973	28
1356338143	35
1484641893	48
2114898533	24
1367743043	75
1255800513	85
1411061393	82
1504705193	99
1348352843	72
1442280253	61
1691099793	98
1451790913	71
1294174643	25
1459574583	52
1691099793	64
1086615033	83
1863808473	90
1484641893	70
1397088383	61
1442280253	0
1095128373	79
1129643223	23
1089130723	81
1688602493	21
1681145353	73
1286885903	98
1089130723	5
1750040213	90
1018076173	83
1018076173	12
1223764963	79
1451790913	10
1356338143	84
1347636663	16
2011815813	24
1901398073	40
1440579753	41
1258216203	41
1201524673	16
1211926573	65
1691099793	1
1692849243	77
1367743043	70
1347636663	56
1707000683	50
1411061393	8
1246495863	8
1397088383	60
1095128373	62
1681145353	74
1397088383	96
1348352843	23
1223764963	73
1365000463	48
1865687913	43
1363553093	86
1201524673	70
1095128373	94
1367743043	41
1707000683	38
1246495863	21
1459574583	24
1211926573	97
1440579753	4
1679431803	56
1348352843	29
1414897623	74
1258216203	44
1910781593	96
2098262303	35
1084868513	42
1440579753	35
1451790913	95
1385091743	15
1679431803	39
1409153383	82
1502513623	70
1510638973	44
1681145353	20
1440579753	59
2072964433	27
1679431803	68
1865687913	43
1348352843	25
1573048453	86
1018731093	7
1367743043	23
1704887953	36
1286885903	28
2046050473	38
1411061393	82
2102652463	33
1216052543	27
1025056563	76
1095128373	80
1442280253	68
1814353123	21
1484641893	76
1258216203	24
1211926573	61
1246997243	26
1025056563	32
1365000463	7
1510638973	84
1365000463	86
1510638973	13
1086615033	50
1502513623	94
1086615033	29
1502513623	97
1865687913	40
1504705193	49
1679431803	25
2072964433	84
1865326733	18
1146295873	54
2046050473	54
2098262303	11
1216052543	29
1459574583	33
1573048453	73
2116033673	2
1414897623	32
1681145353	48
1442280253	29
1681145353	77
1363553093	9
1679431803	98
1440579753	79
1910781593	89
1363553093	73
1216052543	45
1367743043	4
1367743043	81
2072964433	42
1089130723	42
2102652463	20
1086615033	11
1136497533	75
1129643223	58
1025056563	2
1707000683	45
1459574583	94
2114898533	5
1255800513	35
1502513623	14
1571924033	13
1692849243	28
1223764963	65
1365000463	28
1692849243	8
1707000683	61
1025056563	29
1692849243	88
2098262303	22
1327073613	53
2102652463	82
1910781593	50
1409153383	27
1243150633	87
1571924033	37
1411061393	48
2011815813	28
1411061393	2
1504705193	1
1865687913	37
1018731093	21
1814353123	93
2116033673	28
1459574583	59
1363553093	62
1504705193	53
1365000463	98
1327073613	45
1365000463	73
1348352843	0
1414897623	39
1707000683	68
1409153383	46
1348352843	97
1865687913	16
1865687913	55
1411061393	64
2011815813	21
1363553093	54
1440579753	63
1681145353	12
1095128373	78
1136497533	94
1573048453	18
1282297453	55
1367743043	23
1863808473	46
1084868513	10
1385091743	39
1365000463	62
1414897623	34
1502513623	81
1294174643	65
1089130723	56
1136497533	22
1750040213	94
1018076173	39
1440579753	97
2072964433	67
1286885903	97
1146295873	79
